eval_accuracy = 0.9259259
eval_f1_macro = 0.6166667
eval_f1_micro = 0.9259259
eval_loss = 0.7076801
eval_precision = 0.9259259
eval_recall = 0.9259259
global_step = 645
loss = 1.3099197
