eval_accuracy = 0.010551396
eval_f1_macro = 0.005220613
eval_f1_micro = 0.010551396
eval_loss = 1.2388868
eval_precision = 0.010551396
eval_recall = 0.010551396
global_step = 0
loss = 2.910474
